168576
21997
127814
150364
39007
118222
72327
142935
163180
182503
16790
39814
129761
2443
43018
134663
146461
157581
91651
75488
11662
27355
14887
60455
50758
62170
143030
166622
186439
50069
170418
193630
19197
53161
111917
180034
24404
100540
65537
46040
18197
145303
144019
58423
159813
23582
23807
43343
129613
3315
170026
64328
173959
178111
44685
60170
30117
170233
58467
139723
179475
30475
177367
137559
191462
18895
58089
30826
52935
162699
69547
111890
65826
170812
58650
177142
88657
78079
191432
116876
147036
122386
31397
122522
90795
100255
114631
133048
22410
73365
146257
107172
25145
13541
91015
20522
25911
192804
143155
11706
181360
10778
156005
24488
127230
175502
80686
100874
25430
157171
127954
99480
135399
166296
132610
110164
153984
47467
55735
93816
190928
114030
66430
11224
37859
186244
120585
180534
191028
116274
66521
74806
57710
165501
133523
863
169056
36928
131127
144514
147191
34972
157785
121311
57753
197963
23783
52347
165582
5907
191190
77336
50836
186592
15404
162726
137983
102700
155341
124237
114555
111086
33020
3690
116467
75313
175797
140290
106411
20428
135856
98194
165883
56604
70021
73625
49600
155070
104288
170070
73060
127583
101398
33428
92970
116673
126333
96294
83063
38915
41393
87494
175227
102066
54184
21740
44510
107123
87419
179861
34297
113845
12104
165743
95760
66703
42079
188261
80211
114130
19
103568
2319
129625
144155
140299
190643
50316
176204
163805
34192
105907
199407
6175
141796
14065
115326
142741
10738
154179
116500
190642
155214
19492
156737
101101
144069
177475
123209
186872
38514
35421
150363
175994
84642
86013
179722
183120
99408
177215
8011
49897
111357
36588
163849
122728
78782
4132
124078
31317
113210
45315
27651
185990
5264
187581
127627
61073
165359
183252
68612
71856
64927
182392
61827
94778
25199
117066
187254
2697
18563
86201
88454
57381
89605
3201
73482
133397
18729
180687
81045
7772
108964
97947
129131
124066
170381
21351
181667
28535
18366
53170
25335
84206
77192
118135
93452
38147
3550
87324
137675
137758
119662
63637
102526
58299
21809
96482
101070
15858
180258
148376
8865
27214
51565
99796
155778
87244
1664
67724
174509
99848
109340
104551
110990
49675
156569
17339
138850
29740
94513
154047
149607
157038
68475
81595
178211
139551
130231
190575
104387
145834
153686
196367
22065
12946
150223
13585
53281
49079
9830
177987
151226
123885
60282
103391
95561
101587
47962
153764
20447
149898
76700
193637
25535
173051
69553
73566
129890
181017
34823
54450
87178
198268
119655
174443
122737
183739
150540
45330
72511
79658
27379
121229
173086
90291
100667
126954
161365
114391
153495
75827
166696
60209
131263
90902
186316
165828
38179
176801
116588
146032
93548
133984
195409
127729
56353
111411
113569
104887
27314
4075
86722
59420
167675
11812
43226
179735
158906
140381
185055
102125
13097
77936
11808
47453
145075
113666
55139
168168
161476
130412
38940
152226
194902
2463
123828
155017
191272
144910
138715
17135
136311
37175
139817
131176
96987
22683
55734
177891
44545
178933
5239
122230
37991
14321
52190
98609
143272
141001
116261
97880
9280
159421
7967
51566
66682
77463
38711
83193
82941
114311
133375
181800
191579
1759
185243
26888
93781
114514
154552
27884
31897
90445
17688
13797
177860
108392
83203
189424
8987
87392
38370
87418
152006
183788
126564
148804
197196
102429
174089
91337
16635
11028
183529
195962
150145
186056
86074
32097
40657
77891
168775
98820
133351
93712
141408
123448
129269
180977
151537
163512
193259
121712
111571
48516
187753
146240
194331
40724
146386
179024
18797
131487
24444
106317
89058
141122
2402
54142
116700
118397
22312
86305
165240
107520
164166
138264
12040
136038
27326
33499
164596
175921
17034
180503
49725
37923
44421
69127
18147
85362
177360
156331
76053
90188
160399
158523
77610
15350
70053
125390
69459
177015
102088
108888
159379
57872
162320
104199
157548
32531
154439
164661
160995
149639
37364
193889
137291
180076
19398
27531
84543
78964
95796
167412
179921
161919
125689
135275
156286
188049
112856
14085
22031
71401
151415
178446
108259
178139
53418
176558
173306
157994
39182
195209
181390
145593
25090
161427
86373
15120
72337
41314
74608
159797
166651
18883
51417
150540
127428
43522
156794
330
142343
10138
190569
158628
123162
33006
196885
12359
4551
180389
151572
138694
191601
42615
26011
58550
134034
117269
3619
39103
163745
117107
72034
84266
32259
7076
185907
62442
5653
38161
54961
136996
127315
17905
185204
113576
106725
154142
44821
44273
75069
85612
186433
98014
153110
198944
65290
12208
10259
109297
142500
86653
20540
108421
146124
55996
2541
46602
48362
74949
168224
53474
192538
80154
160837
32278
191045
129746
138268
83361
154901
182619
147693
55416
110947
34571
46135
40374
183148
74356
141682
13297
60562
189720
122866
100772
140920
100445
6603
123795
52174
81298
50508
49950
13949
114462
98176
123567
58494
184027
71105
153370
87710
14734
189327
46858
16042
70151
35034
84489
102600
188212
64806
8500
3895
192371
50132
74862
54028
172979
172804
92687
192863
188280
107490
187213
163787
122550
193379
60283
25928
166895
173492
70823
10149
111490
112046
178895
5156
135123
198588
21615
133587
140171
157131
11406
113017
130162
70042
115293
82679
50399
143624
13788
79689
40498
15528
102615
159922
17302
109371
100727
33462
122054
22638
86861
21029
166054
31060
43215
104287
35425
74970
174005
30798
181787
74206
148549
155804
130803
179453
159959
132899
52710
160457
135276
107951
82867
65827
94557
85297
64471
197199
38722
9850
70362
198019
20439
84675
59226
52794
22503
107731
92256
164962
23070
21702
10142
102307
152628
142293
67765
21079
91164
114834
10417
119493
102591
100712
129885
78663
25830
180315
197040
42256
162241
96890
64121
196035
10340
154392
58215
27673
174146
134257
165402
122316
22482
154040
141931
110017
178783
128117
6487
75185
151852
96130
114148
4957
154933
133105
124811
67337
110781
48569
38014
185673
71795
110319
128532
40484
160287
195440
53514
118705
162991
68492
185152
56222
188900
67956
144926
102277
150668
80894
116475
190416
109507
8328
117060
130183
90457
67111
2150
157913
26429
32310
120070
33268
125961
67888
171498
105442
184580
172224
165593
23400
96035
123577
35643
187276
7319
188261
87491
176969
169510
164870
6904
107317
42229
51616
59809
42504
66281
127733
161425
142569
106330
195725
146199
61561
139124
106490
47672
186449
127582
63069
198506
177610
170290
147058
64625
190839
23244
163030
42254
154907
147623
164838
193552
52973
7857
198850
134641
194706
72918
147846
193001
176873
111030
183706
94540
19312
16513
76439
139409
147824
51205
21721
106163
193116
85033
107418
199822
91283
27185
17178
146852
149118
5784
138209
81357
139861
157366
113566
155722
18266
115291
111759
147292
109797
25163
105563
42555
61370
47518
22636
10937
132440
101182
66701
92304
91511
132379
65177
102528
127693
20027
116416
74886
30117
155293
76000
129211
79170
133042
171500
141002
61907
183620
186777
11633
60355
157871
162015
158177
166164
115716
50894
147181
139218
167762
99371
138273
193167
4693
19270
139776
120233
10333
39974
28818
13723
195892
176998
95485
7125
107819
155512
85915
31532
140039
102139
41496
15280
162070
176730
62638
61985
140427
35284
86921
37509
159892
21294
146624
45771
74284
58085
123737
192903
66285
111207
178367
152985
58023
29211
177275
48459
166765
41997
55181
76248
158652
16269
158919
87941
168468
196660
157189
44176
4430
11831
100000
160089
197172
52229
59307
33683
147349
21854
22660
61423
113438
64437
61810
103886
149660
190489
90951
124429
149883
135955
29153
23349
197919
57191
188843
146297
179974
83611
53520
52924
68383
49947
163424
26042
152735
26959
149889
129733
158299
1748
63847
61819
7649
72074
144087
168603
177524
191676
74366
53253
10760
116959
117981
62344
180613
18021
152575
98880
52845
96609
74058
152841
135004
68489
125739
87601
92000
26368
149005
106368
12015
149756
72465
14967
160638
45957
157686
113583
122194
90223
115348
180198
159023
94470
186301
62630
71370
523
50830
104713
63770
97307
88442
74954
64038
194089
74210
64714
116950
138332
107288
36095
156360
189033
150203
112753
46263
160940
21736
62856
13761
46314
6278
88119
23288
7063
115229
71423
30533
1726
192820
152175
115721
80484
107805
191742
164021
136285
89285
5989
99598
143787
2594
88797
86031
145878
88200
109336
70930
181480
162785
11108
191406
117013
10484
90121
183757
88573
149680
59947
122891
83114
4449
103815
23224
58153
73804
108093
27787
6184
96220
68726
173849
168764
93839
191963
139469
102062
191000
135804
61818
162842
176935
103145
130596
81010
191847
12655
85776
11037
85518
124678
179261
49789
118844
156363
122983
156768
124773
17017
187418
78827
96653
41340
178982
4178
72358
30477
120368
187486
189374
66800
11388
132929
57052
140051
32384
4204
199039
84284
190876
199493
173030
76756
164083
179773
128977
157981
107158
25773
130356
170023
146608
148649
174452
113683
2128
24234
170041
120433
18322
52430
50088
117779
82366
140338
196216
85530
171995
194441
172003
180952
180234
160040
110918
181339
53163
34185
17988
105757
39536
111945
69562
130472
65321
111682
147679
115223
53471
25185
120698
196188
18767
7447
10669
44687
192203
7204
133948
74043
153895
188515
163905
57070
197165
80628
105734
28736
194509
28425
23120
84347
134491
41122
63286
152189
65520
96844
18356
129590
183699
153651
138329
25961
179262
153354
79861
19208
35294
116431
86663
14139
65388
86434
16527
131142
144221
29473
101927
51464
160283
25507
118177
107238
60478
49853
100937
150657
148763
124069
195481
127266
96635
26987
164991
177323
94973
39540
156707
80952
87991
165004
83723
187768
70189
106210
3942
153519
189799
56485
27505
128996
176210
169365
82060
190349
183440
64041
99847
38364
68447
69648
90340
34468
166290
6292
91733
113221
114529
162876
96777
97190
130391
165745
19826
146313
189629
57608
141438
176033
10468
176597
176257
196314
42406
17609
14931
99512
174032
41765
1638
8832
21507
176375
28244
130241
3604
67716
49469
169355
165983
72049
7792
137432
25628
160369
27705
161188
418
67916
52272
151993
65517
118329
1807
199199
45266
118116
135943
49389
11378
152636
122217
33559
179918
49325
194091
23561
14303
5378
156526
127062
151700
163836
113611
148872
123576
46119
67823
85167
39139
179184
167263
157488
116369
173300
193768
199092
184629
65738
17810
180972
96071
93567
191712
106327
96353
47845
45107
176510
79749
1822
168558
50565
21487
122184
63009
34887
79480
103437
78522
6436
5734
174838
184994
31861
153261
166582
101608
122823
173929
136440
52801
26637
182161
100420
178953
73446
180724
144298
50159
52560
146150
126
81276
150019
174479
170957
90442
159181
84504
123889
132872
158236
80703
16080
72767
123718
86854
9149
119100
1953
193673
19907
150984
1001
52756
12340
141693
13936
95395
115157
46668
123598
101579
81217
57633
126232
131572
122556
134766
78054
82968
148687
55703
24902
98548
184545
155930
29718
97530
161031
199694
122095
172872
37423
17479
51299
196114
72038
35610
8490
99260
144629
10842
167193
86107
22582
146941
57806
24533
193173
115566
75265
7836
87796
69917
11788
139044
176638
45515
129543
51479
100422
165447
184999
100034
132336
31184
142285
185218
97688
125429
148934
25727
52071
33028
480
122590
18439
49889
153117
55749
40811
183354
38185
119687
126760
14590
116975
5035
106681
84208
142544
185181
132085
149505
186561
15157
121881
191407
91096
108217
149942
125295
167473
87150
77866
172962
145766
196783
118159
174998
197820
38556
3940
149318
121427
154066
188126
61322
30895
120645
158228
136460
81932
47817
171097
163740
9325
125793
63195
87620
94712
158371
199227
56031
62176
189820
14909
5884
59831
89723
26878
170185
82113
121059
60836
142294
194366
4259
178498
81982
135163
126630
144697
92837
9769
85376
113981
91796
196555
169500
118874
169939
64731
149269
48379
127776
167924
141177
161978
186006
96107
40321
80690
29982
42013
86662
198244
124247
185040
123959
174091
141726
65994
107672
51902
135466
154310
178279
139340
65770
152374
155202
196623
155828
157057
191337
68260
8572
33876
141594
136390
197314
165784
86763
81463
60499
148938
15577
51396
179346
151774
79003
50204
19486
33186
34130
156618
106565
53063
36946
55882
170161
148290
139768
7346
75705
141959
4322
65987
120235
60092
140837
192125
77925
160620
163231
28245
153588
69935
10903
16838
116803
32659
147687
102147
183011
174585
169457
16670
66409
59055
58046
121126
75869
10663
64210
191027
65522
71444
65370
193135
137849
57904
156603
21193
40321
99928
148809
111839
33016
41160
48430
141450
29166
61245
109260
120222
14364
4230
49289
51156
27931
94710
97314
93195
4224
28439
116020
138580
169425
194652
37621
160515
192227
35610
143112
11286
146240
3318
137211
61747
116887
9546
187893
102599
145986
17258
166593
152468
60668
166372
98976
18218
56039
110863
181556
133769
176748
49984
49302
71916
4620
146254
159423
18003
184445
171653
119345
48691
164540
85469
16481
10293
182241
44633
44134
195407
199063
22354
26534
38821
178196
139546
138877
102448
45891
182209
170150
78755
198944
136458
122074
42055
59812
38607
4270
27407
188461
46752
37414
25308
181425
18616
167879
56374
107896
117769
155023
118145
54043
149847
74394
66936
90087
164192
40080
137693
172106
168685
96196
155194
99427
50090
105773
128999
112093
41053
42939
97797
110764
199433
183668
130347
84434
48791
104046
138577
191814
87616
171031
161648
167692
14920
166481
81736
80162
110137
148153
189249
21899
190349
156265
84463
79363
28558
192713
85267
155063
189612
188834
133980
7102
67458
33712
19450
34769
182764
49556
169274
149597
44825
39837
121506
7386
126328
22400
149958
154137
173673
49400
149621
22974
61371
33624
190615
14749
66870
151431
85439
195970
169302
60826
80731
13157
111525
158862
15660
51339
39067
41831
22338
114023
69310
78385
50706
91423
165293
27272
178031
3464
129792
198209
65449
181231
189686
169151
113669
11210
28237
63762
67093
22003
101708
160648
131999
9606
113644
121433
5471
7612
35808
135768
47101
199214
46513
85542
61340
102309
37541
98865
137445
56204
194420
123929
4824
190758
150127
82580
183014
101834
3819
141169
187168
182818
24978
18599
173356
16893
1417
99300
175877
10965
104068
174851
49368
7997
101219
94268
52954
159061
31256
109615
173896
16204
98266
61330
86434
55282
172756
110175
151371
158888
184690
20403
53082
37185
198228
60162
156890
42472
183621
179557
187940
178974
146036
109432
88239
185212
84132
104412
189289
47760
178
128832
93881
104547
168415
45752
187723
51077
121841
46039
167355
91298
62510
24968
156656
50240
118528
34244
189668
91076
104936
108268
74277
91584
157774
147125
134987
101075
78706
132933
155062
127923
161115
44979
49983
127515
95697
113640
84817
32664
161164
65997
146034
91494
131327
57195
127651
39402
129175
83706
20769
19879
50938
112266
54524
189453
198341
160603
173210
149512
78238
95116
179357
17082
74643
118214
13098
70365
148948
24411
15952
88841
32894
95275
62072
129186
152438
54250
181097
32890
34722
14304
95889
131895
29743
169864
90429
190164
60285
156370
34341
149874
175625
117291
177181
63782
169569
55144
194878
53654
93299
28801
16948
120591
194244
171311
178514
108104
100066
108228
143491
114274
120364
187063
67253
135113
79680
181877
59075
64720
113311
154425
63397
80683
167630
157909
178397
168821
119485
90210
152795
183666
72945
145782
102657
79859
60633
43806
102716
169876
26816
160631
24351
180682
85564
59262
152758
177450
170680
154315
180108
141570
10780
15296
71907
181526
10338
184385
164470
167553
12596
50052
62245
16545
49790
32258
38704
71341
34501
174011
19603
12623
9569
164713
120352
62219
15648
149000
128952
118435
192377
162343
85438
69792
182914
74569
108062
135120
149615
27121
73513
1975
82710
57532
75798
131896
173525
39685
96710
194005
30786
119309
1845
97257
74771
70247
81675
165228
121121
118454
6252
140513
43508
146022
57259
199774
123282
126916
136513
91833
54471
17130
112670
41897
128246
44307
51757
199159
165286
42788
163971
160171
119624
111223
165287
162578
52142
167868
154662
72914
196167
157303
149905
69537
64955
139980
31828
173934
80671
194126
122750
35232
39270
54756
125747
61920
82967
190176
38422
77229
165623
172665
132777
160763
171227
85565
190072
40067
127709
187576
150540
79271
115797
92575
22633
13052
195859
187439
172731
67995
33617
52593
138125
116561
59918
9490
183737
121181
71848
172923
29581
91404
4999
61625
98192
163821
73746
145904
39511
76863
50150
34887
134919
147611
32499
152820
136081
156343
22423
66508
181832
38889
131070
113981
148930
54106
186589
48567
17677
97645
41517
67136
148593
31051
126020
162161
116930
48407
63922
52948
128604
119960
62396
17773
122541
44784
141731
72995
105948
109187
91143
142315
123883
119693
106947
163797
131778
100514
157093
84950
46078
177794
28216
156035
11177
37108
117310
31727
59788
154958
89949
95010
96782
62580
9213
146454
178501
59633
84919
103555
25436
69647
74330
17187
114884
40122
12979
135616
15529
28627
72194
185362
165673
156860
119722
194124
69295
44475
129515
123663
123275
65991
156360
69840
73770
51627
138922
156422
165703
105564
51471
150792
150139
174934
32250
13551
179142
154649
14669
197044
54713
175378
177878
144539
134220
45598
87571
92733
148110
68322
65627
187057
178819
131129
61045
117722
36007
94150
118041
55105
4749
29219
101327
190598
187917
171684
57473
41629
79429
67937
146242
117488
100165
149918
130327
187090
54353
150811
80174
44046
80616
98980
189530
156808
52718
97075
13756
67476
92540
49202
197604
120535
52311
7661
40726
40753
79614
9124
100651
166326
92030
126837
80340
60883
157051
159345
119259
160802
169026
187374
97585
109311
144942
28522
158088
101211
184641
23163
25530
79792
57594
159532
86427
23725
44295
118085
55590
89104
102289
65993
152192
86471
42275
8817
122339
16774
164336
29564
93778
187158
1897
127775
191728
192808
20920
139794
82384
17056
93359
14271
49377
119681
36626
60996
134362
110586
17556
40420
92871
186794
136002
134563
115811
77845
199257
155394
32852
114315
9011
129167
111118
24082
139030
13190
107465
106173
160618
99840
138326
63661
96906
147632
30772
169672
15573
8758
88483
144174
2536
174133
157679
76531
142574
74867
73892
130220
98738
118309
103189
164287
129870
152971
107138
56520
25433
166119
139966
106308
131207
193487
123224
161591
193952
194181
63679
113744
111650
47107
111502
85572
104812
139024
60025
35346
12686
97121
154413
41462
26189
54021
148557
16940
3460
22336
60533
121936
183606
91344
81774
177722
80561
62625
106679
6702
168173
182473
87240
38371
43526
134307
29807
153423
174083
77548
8329
134586
198322
100721
66676
102750
151792
192932
115975
16829
68449
175754
155060
93207
198127
179829
78048
143301
155132
156120
184961
46753
59972
169192
98186
144373
152766
114445
139504
40033
47488
193424
33030
38467
46876
116282
37161
31947
61359
70697
77380
19004
159696
38664
17032
124674
116911
122405
103917
175373
12045
165934
58221
109304
197626
192729
182653
178950
42443
121351
42792
133826
167390
127978
60426
194303
198548
91225
172377
133190
177784
102668
98717
93458
188393
64482
41088
195958
139614
7543
187343
120550
75474
183366
165293
164738
85751
182869
14464
55247
170989
1022
109790
16894
115419
143367
164051
77405
106043
89062
58732
105935
112777
15231
28522
192512
56313
7613
23991
140082
6650
145952
169287
53364
141133
23355
67405
99872
39964
115126
135305
145778
160718
177463
62048
121130
49231
3594
59568
48000
155200
190029
127147
101357
74184
132083
153128
58140
163863
35655
108367
116808
66241
175212
16270
198329
88546
114998
83095
112261
104829
195841
172164
81588
190740
101991
156144
181823
11294
144768
31484
64816
18052
45159
113109
37239
72518
81045
10036
104806
92728
86061
46244
82458
23425
142795
23293
145416
41292
18511
150900
178203
54507
179915
137205
60113
118879
167654
39705
67336
105083
95189
100981
127848
170604
118226
151214
53667
181273
102245
9493
133147
97080
150909
79158
69328
27612
77397
59140
153226
23529
158455
69863
174959
9192
133749
10289
75406
115829
20776
74543
160791
134387
184028
164271
116051
118943
121901
76825
137084
65867
99688
58497
84663
32026
68727
136658
176456
42346
191720
95322
101072
25098
15109
121256
87417
27506
111697
91358
182938
194374
157379
24505
20887
122774
49625
75913
49241
68070
14339
124673
105787
42699
118431
130588
24191
74615
25327
114637
14187
154742
196070
191042
56446
12470
34896
7672
74821
30894
149466
138568
110151
194525
120662
95444
144051
58193
135728
77727
44921
175252
115406
147896
58221
116314
34736
101597
120883
49196
139994
81910
177735
69644
189478
144525
23291
131596
108343
28879
25437
42701
127676
165098
182647
82516
163818
132097
80269
113836
10137
47260
72841
41655
120627
35145
109505
199648
89147
197638
8992
128963
178619
51276
49971
110522
32920
117701
149973
45929
56321
87645
157804
32877
17144
4914
161034
151008
154396
22380
84651
144180
128424
65772
29181
41122
112032
43995
116287
109872
120749
64279
26405
80947
4640
123664
55678
25707
12821
176531
159546
75310
6320
179788
69865
128138
95916
82461
19644
58960
92290
129686
199985
136937
144575
157378
22787
94384
53080
157005
85882
12968
89343
107399
88191
16468
197498
92037
179938
100856
12747
151980
97046
186890
55658
92385
105769
103177
58834
136325
165699
70499
81803
23488
149808
33818
131691
5435
124194
165097
8788
44035
157175
133976
106766
173446
198467
74542
72299
24066
108176
179896
97855
30319
68191
2116
186440
190265
103688
92083
91237
147540
77751
180694
173274
79507
138867
93793
16592
60388
44429
143510
175935
8734
136016
127918
157714
33534
132675
6290
60536
75354
149515
154085
194783
13327
78050
184521
43051
160714
173115
80137
28992
185880
46530
12293
75896
153432
125646
152750
168557
172378
173396
66803
100293
150687
107302
187701
10008
57097
74762
174031
121880
32781
120486
156043
196222
105989
183984
132913
33687
141843
168774
88006
7288
192428
76463
161683
82311
72680
73578
83562
136899
12979
50878
59672
42249
84289
111972
183628
34875
133868
168073
121790
109048
4635
109153
184434
47077
46484
105714
110044
68969
90102
190424
39358
63052
32782
143305
38473
183011
148965
105336
155545
181902
191967
11013
57160
133328
46688
940
122980
7695
37203
50756
136725
61603
193426
158519
131134
134892
37474
37667
149427
102343
52888
62177
48390
14435
129909
56768
13569
80852
52042
125649
107594
90068
167975
79993
193682
162149
155105
51913
159132
30662
56818
133549
52192
164409
126185
13227
92475
128324
39944
64342
190016
114192
188743
184489
39827
190678
97324
114641
38395
124546
176257
151259
101142
2227
96027
26513
125698
64359
177565
166027
151121
115998
61476
124142
179512
123353
111955
5137
104285
99646
95117
68033
5661
23972
96014
106605
129411
30317
191084
32210
102681
131480
32510
68228
122736
113399
179750
171974
89058
52101
347
81876
2766
84725
185662
76828
96655
82562
6418
138201
28512
179339
137600
148394
21446
113871
50408
17729
97763
3250
89482
186687
61813
128546
164886
134786
13753
90517
176270
43050
17030
158770
18144
23976
72867
4050
128713
109261
61378
4780
53291
166156
60081
150074
95925
21170
113698
135978
181592
119080
53586
166507
123320
71745
171882
16961
84220
194122
86515
198046
76076
83302
84809
27888
104013
123080
23983
106656
96416
190506
24430
123383
146687
137447
155772
102376
96328
9128
163360
79756
48019
134282
69239
49990
33766
122844
85626
71364
25068
72509
146219
177189
174966
127455
189584
57069
67524
81399
115018
147243
95288
199838
69577
28988
157537
93805
149474
38774
136811
180018
27171
174474
173275
108149
17769
137105
32699
142713
186385
86550
140781
115781
158058
175495
78103
54419
118081
93538
164891
100918
166250
122829
69709
89639
145801
189870
119816
174113
192569
70933
73393
151666
71110
58928
62103
79573
114931
130582
185720
105689
45399
105586
4121
59630
97039
155475
199890
152376
179182
184559
82823
187211
87775
69638
181193
8734
53077
123485
35291
7546
188166
155924
74084
190650
117771
186504
166545
55468
109011
168455
118271
46673
95338
129397
31292
156258
138310
166492
110654
188678
181750
111752
77925
162130
141653
192101
56109
28486
178229
42272
98952
44715
6976
66489
66591
125884
193593
42248
174007
87171
69630
173637
57974
38321
152163
165485
36604
35787
47461
135080
24211
182388
9660
21409
3718
105173
124443
54637
33263
163775
9170
17555
114118
180739
156981
23438
60519
22180
48667
138203
140406
67219
175710
88441
85364
173369
170118
127564
154057
182547
151085
114786
21860
166591
161811
100443
188413
79765
130362
162955
71403
196476
160815
125395
185842
52905
175632
8259
199159
66814
81887
151758
31382
175739
49792
127481
12657
145229
84415
36761
60044
152322
124189
113159
158850
113409
28858
68157
56594
152736
2183
44031
133366
81434
40923
27414
32216
16560
141034
138812
36293
69560
149163
64391
17653
57220
78932
56708
19727
193143
19374
77348
53508
126094
164019
153630
26989
173740
36230
70310
24163
194276
63162
57957
100545
101767
23566
102034
83693
19701
13064
109836
63150
164341
175797
181711
53328
53502
2664
27481
78942
103690
184635
12585
672
16151
94146
29764
4714
100464
137261
103168
25675
71120
193307
117608
6778
189588
146202
164256
133643
83047
27336
48797
155533
59006
55420
49110
46228
108058
184395
135139
66681
38305
18772
148889
101041
104309
143296
184931
127356
136751
30947
57694
116834
159011
128616
186167
22461
34180
127641
187539
91709
48369
13829
31815
127622
43768
53444
176771
73698
52978
133981
115141
146978
190258
73388
179322
44658
92674
144066
144356
58161
47202
31386
102495
68715
6996
96723
440
98986
196026
11451
160543
192756
106555
56103
12326
76598
60630
51593
161441
83547
87165
173593
103961
8863
68273
167605
164594
83530
139515
34865
160035
16266
40978
173505
21393
102144
4929
939
125517
74801
145634
195760
134249
87285
49789
77526
196002
160241
174298
135101
8345
111199
93281
192519
122841
77901
36559
189746
128435
117667
136391
37876
48504
133071
141847
120538
3609
169430
107395
136231
156611
30745
116762
47779
160947
154585
64954
186516
54155
37919
11019
132269
49701
49257
106631
178194
10980
111541
55493
98458
16988
14424
186507
99427
192456
169472
50652
19761
116463
12105
27568
186346
67183
42727
10616
30597
28245
66491
6553
75894
5514
7924
187188
119726
42055
91579
117048
1700
100300
13887
70018
161617
105271
121455
12085
185719
84926
169584
142029
138834
169572
110358
85855
94605
52514
83108
193532
156313
67016
179340
137183
130030
25171
8078
152748
117337
178428
19394
10133
47921
105692
46118
187189
164603
161388
176932
168528
84709
153446
58448
112563
22930
184814
59517
158885
192453
148257
103989
74429
16192
58767
10153
83189
108061
102293
64446
112335
180280
8225
33262
129365
23978
30263
94967
185224
53744
168573
47761
127289
184197
148270
81800
195023
85810
56852
175169
175478
74064
58771
105329
28785
120815
136895
183524
2840
65199
5083
194469
164275
40280
39242
14575
64448
169562
132960
123700
144791
43013
35269
128227
94674
34135
183008
157471
128474
145496
122567
173274
166914
135607
96383
21804
162861
79195
14143
107623
180375
114033
192106
23961
52025
50508
186687
175151
133784
53016
83087
84413
10899
37975
155612
86869
56330
170997
9880
80952
100855
82525
6493
119189
62652
175029
94972
81022
166755
95065
11429
105763
75125
15249
16375
140763
191357
198541
67356
91209
10590
118895
16946
102076
119952
63664
151593
132911
43922
79680
40531
140091
132214
112855
55328
183589
47222
52761
118904
179330
82889
10964
134724
62520
119741
69030
108344
159887
22477
15816
129999
180217
62763
102213
159169
88984
81696
158292
117844
91731
41207
17194
174709
132889
94243
78120
181467
108690
19170
144324
23451
192132
111572
63004
27212
90855
116284
69930
175309
155977
120894
29622
142634
110863
5337
180206
133078
138474
142313
102962
1780
127708
123436
8864
112545
170939
198697
99543
186583
129177
42525
194392
80088
113437
98275
94279
109941
71208
91649
126899
178163
134349
20830
123275
111436
95865
39390
62873
17523
44142
14480
80052
164479
11215
55122
73415
23238
187065
54642
186259
111516
65389
35136
39746
107653
36024
96685
23721
17511
118917
104713
28241
58572
184011
140078
75663
19962
18683
119921
101345
115079
55234
40476
7199
147383
110656
124426
131452
114681
51340
14096
103861
182888
146189
2512
163893
93277
22733
133591
92062
107058
78190
160
109144
82552
41808
157524
156644
106528
158831
833
162732
146975
87877
172626
162855
42229
196023
173818
13675
177591
189886
28739
37696
126599
183812
21406
167842
196925
23202
31086
95640
68429
176253
16935
113011
91895
65379
137551
111227
104188
9153
16437
30740
18693
96512
156502
88504
128287
198792
16079
1872
63099
74409
65618
22114
112967
164377
81568
97670
121184
65148
69046
41574
105055
171798
110758
181295
79736
82806
13787
23944
188133
198104
5988
131748
55082
26871
34451
106018
71023
122667
93748
169362
121216
130174
112037
80477
150033
192384
93708
79020
25419
169733
10975
185171
194843
108968
78211
10078
17622
43443
71817
106397
127104
144741
84908
103310
61697
55313
172399
182478
84789
76768
113947
116336
96864
69357
116433
115081
138162
155532
7107
110824
172832
2793
9084
180209
62936
74732
18404
56812
80340
128138
153180
142296
46378
143591
123094
184338
43741
100581
106393
192137
79500
52837
46700
22898
143999
26973
111048
88316
117631
143726
161350
84232
178276
106874
9874
67309
162761
22527
170970
92166
24480
159342
9784
32070
91010
78083
79263
138957
119254
21157
162151
132901
175464
156767
83
170270
86592
52331
133894
88798
133013
108886
156461
53212
80192
20961
28342
88585
85208
43561
179580
33229
110085
97300
146408
128634
123972
169283
24071
133789
178988
98691
118848
137418
61512
194026
121718
41689
121280
95546
110222
123241
64636
125965
4510
71212
117988
68627
179909
108882
176685
114260
97864
170735
139356
113046
23420
88379
199338
174794
54939
104185
100032
50385
82641
190136
26967
197289
7879
166765
169730
39654
25558
139604
41072
147212
188054
165548
27405
50368
185049
57970
59100
37274
42616
165296
184906
98559
83276
175576
16480
71834
74853
123431
152158
10057
34951
65740
162515
5328
42280
116020
170719
28255
55061
187361
47642
175738
192751
89810
76099
128889
179572
171299
159965
62377
160926
6696
39540
116012
111008
9278
64092
128033
151462
7063
87515
18116
73076
178933
116933
119638
122862
128129
25630
102533
151051
90584
117862
1990
34038
162373
48405
176556
80543
168569
75953
46453
106225
372
189827
36530
40853
183500
124111
60684
141639
121550
124894
130580
83256
170316
101985
39644
66531
197344
193826
104792
100302
96735
27202
85808
108881
46361
193576
73414
43294
82276
9915
2643
180405
181593
191214
169259
41864
190249
131717
96074
164247
113283
83985
107161
99210
116891
48219
31726
46052
71472
191107
15146
134648
134414
168042
63733
148899
95707
59174
80151
127625
101019
129729
37556
124497
137022
74253
181372
174231
136469
43706
68472
86655
95194
178862
166296
98746
163806
161327
67686
85864
93824
41294
66387
84393
152338
95844
62463
53774
109371
163240
184655
86709
82914
36325
109003
168301
10796
69491
172151
131183
52720
96122
19874
183172
167023
95006
39985
175735
63200
188908
162123
10185
175888
67183
107595
8042
30493
73372
29148
119469
173581
40381
54085
939
154160
26565
111815
29674
136114
122171
5553
71373
101230
45341
114742
109924
109970
72466
93126
155438
7687
131762
100694
194196
57980
168377
8004
108393
88360
135522
175229
5451
81790
112373
114559
68023
181266
18479
104432
186635
91420
128371
195017
128549
112448
145283
172629
7423
169054
4675
69281
159707
9280
13238
7713
137293
33205
44993
26306
7196
185924
140753
26726
29853
58433
176772
153091
174498
181402
173778
119670
133773
189961
10115
23516
53365
103662
191039
59506
134301
138935
41359
190452
188095
158274
13273
16378
78281
167257
17486
175460
120195
53177
34913
101292
163867
31501
43693
98083
8392
48300
18901
190865
8307
146092
110721
155771
105839
169356
149585
54004
12507
64610
56361
34387
99569
52160
147281
58037
19704
159163
180580
47635
139311
141876
9139
86168
87530
160088
143933
181136
166519
160435
71284
93497
124498
57727
91151
189927
105699
166734
74251
17037
24009
156387
161765
158106
111985
13983
195423
82119
180026
162719
189367
94166
199844
152972
152537
28996
175751
57442
161766
91332
165428
97267
21898
30650
64016
63072
55748
151692
180547
133529
157880
54815
122907
151379
43597
10204
81231
181401
88680
11376
143308
109747
119145
71852
193493
127905
110391
27029
44439
39104
133253
48913
170970
135523
9614
163413
161594
127848
115352
113701
65611
50635
21316
164075
88535
177249
167653
115125
111390
134714
197826
54451
81515
193012
108673
59216
65545
116812
96998
835
39640
128704
82267
117965
91496
155651
29353
178008
73127
162294
168550
35138
167612
152297
183807
137366
152349
397
135437
138824
19647
15517
132432
26601
66905
66481
183645
69068
184469
35073
71579
21786
142467
180163
14776
145298
126853
100705
114709
78665
11921
110454
117043
158696
61081
169872
90161
122150
164336
110713
91676
110218
19651
164728
23525
3734
21888
93447
166677
80632
64662
154510
190977
57955
117072
171444
14848
140837
41385
196806
60244
25295
12365
112780
22190
158245
111108
34305
66621
159216
13920
58924
111015
131802
71492
43031
179225
84189
190745
2296
188984
137831
75648
47434
93678
166999
185457
196457
2421
123726
32463
169728
94237
96151
159627
112752
174629
159940
55159
176842
43521
130130
128137
198013
150146
186229
142921
150392
122666
129665
64998
61148
105988
113391
126185
147005
92001
152041
151685
111121
35781
183489
168532
28327
130766
140985
97283
53072
37968
64963
108586
193438
165400
138086
24943
52862
84134
75456
109838
132918
134887
39423
159141
181360
169831
143335
148763
131860
196411
177901
38805
14813
147117
28678
68645
13787
112626
48467
100626
69771
130265
170604
39790
109444
40545
123830
148610
45210
123389
144160
150996
31788
50676
124789
60995
90797
48516
102233
145353
38561
139132
69386
102279
170105
12614
152854
68641
113967
165502
190596
18832
110300
79851
105747
167158
167642
147732
193759
179942
146044
116219
123556
130292
65026
156201
174118
30927
148901
12459
68881
135446
39217
34005
198936
173450
112132
165920
145096
32747
46529
11998
117787
26423
9716
192235
195409
166648
144477
94747
212
115808
126316
127472
60173
15190
172223
100930
111254
160836
166096
165176
97876
105158
188146
11211
26009
185960
66323
146381
39031
134995
16181
122082
31896
114546
188219
89902
94914
176638
47128
55421
47921
12346
90270
108361
20218
51104
29757
159492
101520
103708
168390
55605
188763
42117
49842
162209
75458
172082
151936
75201
180510
20355
24101
28246
5142
99752
55235
137997
41153
99514
149247
73658
180886
82522
109908
169892
134745
150200
44930
76775
27869
158828
35745
32845
146255
36982
100937
105080
158358
11074
88476
102089
90791
19812
192717
169232
41855
66925
59796
194911
86330
95149
396
78335
5375
4744
85871
165216
165263
198227
50261
55979
118672
127568
114678
14229
48433
178027
73932
97624
18810
175648
93188
158487
127519
129156
86804
113012
180998
12405
182158
114463
77523
48623
65661
10969
74465
70196
139866
47294
17957
54191
104110
56300
77458
58003
194259
125176
32148
134536
85990
189073
20321
109581
192323
135072
143508
175707
124143
54002
186085
108014
64760
52769
133704
18752
7299
92183
29050
7179
87299
94921
79444
129905
14433
171454
193340
77850
99513
101933
72264
97606
64341
52875
125821
132277
130233
119048
150008
50407
62267
53680
180123
94120
193154
23947
81519
72110
58736
196197
164093
162492
183322
93730
125175
180127
10078
145505
187763
186648
132458
158262
89664
82271
180877
178144
26616
14096
54014
140152
143543
95432
41011
193734
129178
138486
47956
114452
84805
183801
144678
81027
88497
71781
116126
101311
41816
184393
11458
103671
111747
149453
42005
169198
25965
147400
177853
172508
150962
104135
152128
100107
991
191958
147240
108568
192826
102529
125326
197964
98892
12000
49874
190647
84343
185877
99633
83348
49623
133883
67512
49933
77212
55721
92085
185394
3378
28298
118167
173029
94950
98043
81658
1477
151870
124491
147136
2357
91359
39471
192222
146914
109088
76589
48176
117443
160078
56460
140897
66674
49587
66190
70710
124924
78123
158889
111229
68887
136802
139265
184137
79927
160683
71317
13466
93842
66936
29634
141306
82480
131872
189193
104207
88967
29856
66522
105015
73218
125131
171852
9443
61889
43957
75150
193031
95718
178575
16651
46394
48906
13767
21018
122100
152354
193507
65230
187350
195403
134999
130016
36769
10827
131316
4888
87097
160160
83950
157353
29269
19479
112231
3919
196933
53501
150213
26132
80547
32804
10748
169435
145592
55065
19738
199312
170824
115853
55063
188710
74713
48949
143653
4693
27790
129069
192581
152967
83589
24132
92217
58624
141121
172017
22996
73813
111615
145128
139326
122394
132638
34406
151870
80631
137021
99783
128815
5994
117020
8129
133169
80812
98835
170370
100111
73143
164859
49655
70466
161317
108697
33945
180358
57244
25153
10313
186551
64874
176439
28612
139876
22277
28289
119333
105058
52871
191244
22089
169132
132851
117013
57744
51071
42062
18571
163774
43885
16500
48271
53506
11407
123205
184419
184588
168435
174019
72049
151148
17459
188015
145688
152726
58092
22299
181513
111386
63455
117305
156642
85610
106303
62385
36765
165086
35374
74780
118223
168092
9263
196849
192188
178884
191306
17191
43930
186191
17898
74718
177166
141361
134210
126239
133406
43998
98382
72656
168367
66791
130928
25472
57408
28990
172158
144779
68585
177984
106177
148881
112698
103055
139706
139617
127098
38822
194551
21411
9077
188970
193971
184228
69645
47234
122356
99708
26740
28318
112173
153180
113333
103424
20718
45300
147385
27612
195215
27642
177927
185245
136955
108653
195471
140629
49502
24168
57366
49750
143379
76809
120164
178825
112629
121372
141973
9818
93011
76836
168331
103847
190108
155826
22191
31831
55644
1659
27259
196340
119076
25194
119981
149274
108194
122213
5412
103975
109397
100083
58848
63520
47072
198273
151268
30241
126188
6955
131202
192211
180803
22142
161091
46473
79842
24208
87027
129091
119380
19921
57227
29943
146035
78799
179145
9130
97963
176105
59877
195445
25247
22338
116065
192481
45567
15303
31120
67493
172509
154274
73961
94880
53541
99532
49416
116196
135145
156705
31570
60675
30587
195186
129229
137064
165258
65205
90433
78931
164919
53506
88736
46736
1751
91719
34612
66741
146541
71198
102102
153013
187508
110311
140854
110062
51339
44825
5206
173794
190665
31625
35690
103508
74448
58792
13872
161389
50439
49585
25943
38645
13609
34461
196891
102834
182889
178040
183504
132259
126514
77555
144266
153457
158686
165002
38167
153147
48561
160126
180013
143812
13356
80436
182142
19457
169405
97040
120430
28504
108943
41362
65185
40893
138613
153569
122199
123996
8626
86562
142829
163957
121746
184864
152818
72681
63703
18693
197523
42538
67439
197199
136753
70151
87696
2459
33975
24473
169322
50239
37860
108049
45688
162055
79786
151704
45233
67554
50056
2131
88905
120038
13052
104491
88805
63153
138291
24742
83442
24822
151162
83057
176829
76175
88475
83100
148762
17629
132507
115616
101983
19474
35766
124947
16379
4484
97564
130543
93579
180229
103100
8967
179491
20749
114736
180804
86432
124558
76557
126117
136319
166265
111960
38055
53713
31540
104301
110640
113209
102865
147851
185353
7864
106156
98053
56899
168136
79066
148726
24714
64712
84966
188293
20299
65236
77024
157161
95006
132429
84974
157595
16574
184065
131726
120142
96817
172304
144830
50750
192409
108312
70519
32878
168999
14894
158938
167591
173587
104990
173515
48165
145612
172720
14449
190299
15542
9602
125990
101146
158298
171359
90033
52153
42762
105739
83716
134892
127253
139564
91437
117231
115425
90502
110028
55211
63872
111654
80621
82715
184112
164398
68255
180058
119709
10093
65333
179144
109043
76558
178594
91679
6914
165937
180857
131484
17437
6494
12338
101061
11445
149993
81540
126278
142255
35791
156289
21987
16116
135718
199175
135296
22167
2180
164814
36850
10745
38119
182040
15477
145964
146345
134327
101649
44324
139049
120665
134164
137939
13803
194788
105998
90047
42740
71251
114185
189849
36599
155349
164751
84466
21089
122344
153307
71081
106045
103043
18342
88624
165950
27514
173740
36989
152695
44737
126071
109084
129155
132782
61307
198501
196628
116603
91063
88161
186306
124716
92453
158994
22830
46122
126156
10692
9090
99545
174366
33809
191397
133505
147169
59806
146333
108825
94759
23062
142708
17704
140219
167399
130450
47948
74465
50277
145801
158805
89314
150986
69864
23227
112141
163183
153849
104533
129417
75339
15649
61661
100856
148870
145554
164713
190034
109944
157807
91716
196063
164770
86325
70611
39757
134685
117799
92611
66865
105144
127434
86578
64326
79695
113012
40061
176831
146982
30093
97671
130989
69076
716
186761
136335
2222
149009
104672
90261
19917
82707
131243
199568
106713
164687
192947
128700
24179
178985
195933
136049
3442
70758
45006
59823
165311
160246
63231
4049
171431
2235
59307
38347
70404
190134
177496
121752
65202
90681
142927
15883
45086
39397
132853
125663
185548
73896
119376
153994
123548
54393
34666
13299
72911
91941
148211
134392
187502
92036
130042
186095
51418
15191
144254
189027
74961
136834
43212
5915
11243
158559
115242
108713
40400
177573
87729
195053
114899
43521
112956
5634
79235
101571
74832
141146
50714
96630
183704
90275
144117
169658
35879
434
137496
132656
188966
25828
154051
74494
150054
160064
70794
155641
144419
20687
147897
10861
109073
183550
48898
2420
68309
39280
141004
22610
75577
153973
21051
73042
22108
164587
57838
91163
123134
21594
138241
16898
28548
17463
94438
70983
173723
38759
32802
121350
47148
190624
131621
93578
193125
53365
127196
136901
109544
123438
196073
138978
155905
119771
25687
95623
152344
1260
147785
141475
48412
91278
157480
57996
185377
16839
59542
127354
118210
169194
117899
179541
194915
153160
5548
19140
27985
142282
125463
143988
169405
127701
87198
11947
64029
46406
155263
21998
116124
101213
149277
90596
81737
19166
190413
153691
112251
103268
86156
133911
45839
50089
58469
109764
116494
111240
111431
194417
79805
98597
39285
48219
25000
17469
93584
13748
164184
38334
146998
26994
97511
187114
19863
47807
137028
93663
28346
146803
31537
111758
31480
52205
16062
44348
139720
53704
198447
59765
170593
159120
112856
183234
90566
145030
149633
29728
30591
191584
53520
182497
31238
152164
66241
168093
173719
79024
29709
189190
152781
37635
75
168667
5603
72877
75625
88198
59648
98251
81952
43039
65925
175806
85155
18221
132013
33499
197795
4152
137646
48668
125035
9741
181925
74759
181839
112788
81925
175883
90169
69531
65465
168274
100441
166674
142816
115108
82638
177733
122402
139312
131701
176327
27790
81883
8095
159641
159541
123960
196145
28135
9116
57470
89249
83591
195330
63640
129253
126974
50727
76657
55593
53005
68702
168394
55205
33076
93935
135617
41477
10276
130793
191427
106639
118581
139321
22559
132952
31968
172169
110935
102135
191658
138292
189240
126524
2192
163756
133825
67847
92214
175511
163427
62411
48595
49214
162797
49771
58636
134713
64301
109122
132502
29354
185514
158125
46750
152645
25576
134331
71097
4660
38622
30003
194160
123703
108351
47768
32819
31756
5416
52768
141707
143291
147753
193371
184415
44191
127634
78581
105353
97919
10441
99136
183791
183850
61874
47150
71564
106236
122836
118450
43938
134126
106886
124475
67908
40454
70068
193468
59453
88856
14384
58724
101842
188746
173373
53762
121196
64156
40121
13339
148420
197506
151574
5329
50776
94129
174864
162615
47657
65282
71631
113588
86729
105767
74649
139571
129502
18240
29646
20486
128418
77928
97851
87687
128015
45386
7573
171620
73590
133169
125303
82671
49613
99245
57037
81677
81761
146461
190108
97377
34488
162094
45979
189458
176405
120206
65439
178721
182237
51305
130344
170946
163596
35612
3371
77216
88456
131656
129266
128443
60517
47076
190021
145015
74153
29422
31786
93541
177757
80084
139831
165613
58434
190762
177337
88638
135511
152664
72391
108491
180757
118565
105462
143859
168456
83801
148533
41516
121098
159996
129262
161303
196688
86975
59984
35587
132022
49398
10300
76912
8337
68694
179675
156071
73726
197414
89528
8658
184139
116172
158706
37971
17922
112116
122114
196785
113087
34898
174310
175076
68981
189088
108004
189058
97082
150645
77244
163388
199890
57353
101560
63251
183007
145600
112971
85155
90935
194986
77811
123113
75404
99638
186901
9006
84619
131132
69615
171233
194422
79971
27930
125138
166335
149791
43124
73777
91356
108421
70315
143127
110853
4735
117425
72605
128786
46357
84971
157245
139911
22236
109868
74666
141743
37233
3582
68308
122740
195048
122697
20943
6136
40178
154295
131759
184194
82007
1388
44896
157060
29074
57783
109907
70087
40787
144417
58423
121248
47604
76840
58454
86651
182895
19616
182153
135024
182892
132068
10255
189763
158434
181242
1602
111145
189711
69229
197599
64597
160019
87153
180496
83312
69603
154674
85041
84594
36270
120210
188372
18878
137789
73609
127190
32689
55340
155245
17927
168067
154033
69808
102591
163640
39770
160762
50814
105160
96799
145044
24257
8835
33043
73189
64165
51973
83674
150273
110217
32128
72342
65628
23863
129014
31000
798
17390
143159
133574
89357
85666
89551
33808
127683
62878
74722
163306
116002
19930
121012
169117
56044
171116
132683
13037
55298
185433
153601
177888
163343
136910
134866
137295
153855
25856
65793
27614
168319
86337
40777
27522
15121
83125
190654
45735
141611
161521
161247
148705
13806
1233
68381
164191
197507
71196
194882
108414
7409
147701
196682
28307
52184
158900
73040
128500
148513
122606
57328
91107
167722
156441
195284
137504
67266
67558
185727
46119
109458
94399
187913
117704
46231
187062
129279
94399
39462
33170
88165
103927
113039
82564
175587
62940
103407
79388
74995
154773
101833
70854
65337
115501
110077
139559
88761
124442
80748
145944
159444
185259
87318
32523
108980
102083
26050
81268
158473
7260
120874
102711
59905
173062
16445
19333
182937
129334
76299
26749
148395
143452
143189
93887
51162
23565
159090
118343
172319
177014
152910
195687
129693
32287
30637
16688
42281
77012
38570
93852
138182
199403
149366
126731
179270
191041
3236
19533
130926
108336
69879
99629
71928
22383
37802
117544
78116
81159
162869
131747
134421
18482
157050
117606
179091
177317
174551
73489
105239
54984
185784
132446
154588
112356
6797
190628
138730
161421
18535
191174
125766
173154
118514
89273
147019
23835
103879
36728
166909
191162
101353
64188
62388
96046
4554
132629
13941
15781
175823
137932
40833
177419
96238
70455
20281
35965
172992
46211
88512
154037
6740
40455
133304
51139
150859
49080
65879
11753
103592
61161
4501
63871
154155
196474
97224
105040
96514
126334
164758
98270
124371
106791
66415
42753
11653
127209
143913
105386
183224
55318
19871
72815
15099
135006
154493
319
24541
99571
61924
91591
103552
48781
187697
149464
107992
90830
163568
102501
103369
157415
116948
15174
94885
122462
35936
125392
49892
53827
75756
151003
13869
144010
171593
195707
157612
19742
145025
188123
195807
99957
56147
57791
37244
115493
16548
47389
119587
188855
166213
155123
179352
85380
49792
4922
190624
188082
180208
132927
35489
150333
37985
163781
104515
143541
83496
111068
102522
133108
71013
199901
1295
64610
150859
48486
65217
109115
116461
19447
149249
111405
108649
82702
25938
85531
182252
47222
73873
191153
121444
112538
56061
66021
68362
40134
124775
56608
50459
160840
197807
53516
91953
127196
68787
767
24584
98376
83882
20133
33308
159858
193246
198907
108191
3513
169441
65674
147433
43747
143094
10878
28529
185403
25885
88819
30568
64797
9924
191147
169303
75975
50084
167616
107943
98310
174503
174226
142565
108062
198636
199301
193748
169266
76791
125111
169434
42099
69410
18675
171291
49734
170039
127863
176460
45011
57689
28779
26343
28870
70788
75395
72308
73397
167301
189243
81849
75971
102261
83649
136203
172849
69764
75688
156632
199577
180788
25081
17981
87626
65854
148116
185014
85515
109309
154513
130978
57924
123684
164569
194585
55252
43244
168591
160341
59201
86588
190173
114440
136777
59427
92185
22591
156474
107094
39195
197302
68891
195630
157478
13433
115605
98642
126943
16875
182309
94066
55805
102310
136830
88995
110263
43644
68766
166677
191243
21603
12757
196245
87427
119421
84411
23094
16931
198598
155860
21850
90573
180897
124024
174347
102536
168378
16156
37178
23767
107599
26203
150931
170607
153608
106824
25420
141452
137751
156667
188005
5322
39675
91733
73098
141367
97367
155031
126407
110456
111261
177804
179199
114736
183474
172664
96469
65736
32438
19873
187052
123314
87594
57649
180857
62745
169372
4439
108692
41304
7598
192157
24672
116235
125049
41295
79281
186184
54489
129382
142064
173236
8243
16883
189889
18378
135128
166164
63797
7197
73085
138491
12868
22942
38166
123076
42912
75263
92879
130276
149618
107317
159441
180573
199028
156895
134298
55571
121625
32607
40129
197682
141120
86087
66034
197430
18032
1350
77076
18914
189210
17588
124946
26786
56055
24507
133876
145905
62403
181731
79554
132806
44708
158373
79283
31681
147894
149052
140251
116619
152911
119108
150592
67523
70394
63066
136760
168005
125353
146746
197478
35276
107880
184409
102686
133616
188574
45700
15261
159020
94791
49272
71765
193456
141896
141526
2836
77980
82096
98527
79698
124998
197164
129534
111798
44523
179336
75907
63447
180487
186074
89147
63918
51383
97099
123030
50500
60722
8685
54067
59033
181820
162248
128845
4391
9319
71464
122575
133546
62568
192188
120776
106955
25915
198912
98101
128498
89659
12460
181460
171837
140750
41420
68713
55718
95734
97214
42583
190092
127041
71963
142502
178185
123084
197611
196116
101847
35208
61088
170017
174339
182559
160452
132002
128631
146789
193582
53852
191681
27901
15867
81332
9583
171319
106380
117745
175914
173034
31014
131407
140159
21300
125599
30549
72088
194770
115402
87019
95792
153313
109358
48291
112665
125560
32910
65653
79753
152628
152318
114451
97627
103696
91872
188305
165830
160169
93934
192092
144111
62487
198330
91539
113749
140153
1626
192448
131475
149029
173373
108330
85346
134891
44254
164583
7532
52252
106816
15105
35284
198662
21140
196612
102313
25580
150837
70306
11328
116059
132480
162800
116946
76899
4602
5984
74443
110296
112400
111772
101569
102551
61925
6893
106404
562
100762
173247
95584
192779
185483
38111
26426
116259
45478
196803
32124
106359
136113
121886
6267
20050
189215
190337
25935
70352
182754
71
59715
117619
109294
162406
78004
146990
157438
113643
193676
118159
24002
163047
132291
16646
180933
64802
64727
95383
173787
5242
17465
25784
80502
64403
143116
194157
171463
60667
124629
151206
158267
16021
70804
191778
14123
28166
137107
7768
19754
150253
143349
90163
174404
168972
2551
140387
39326
187099
123772
124870
127480
31022
115636
74419
178612
16064
153290
182619
37387
89203
154244
146137
4179
98383
14098
10751
138012
42492
50037
58161
108055
19894
89500
168403
71165
116816
146253
170712
68065
175146
44101
20328
107600
116484
154700
195321
48273
169314
169307
86741
30113
23250
2726
22718
88395
146253
112581
187430
136096
188637
161325
28772
161901
22059
82528
88002
153003
82587
176823
40240
177800
64447
109757
35809
90342
82887
116214
74120
189306
34501
45318
105718
48002
82454
146833
77551
112180
191163
186341
116201
189668
121174
61759
99979
28601
28447
101256
6819
152177
137153
70288
2804
179701
76685
49923
10220
38061
80177
149715
122140
65911
126439
112045
85890
8276
134250
32156
110660
88665
88715
132447
26499
62835
36277
29331
120312
22611
96040
111706
70634
177031
46339
5125
97875
72122
65988
128181
9057
42440
113039
128810
39482
142424
111690
113618
19743
94698
188908
170461
65282
37460
22589
87129
27173
184091
95253
171031
39954
32476
121270
168343
192163
17133
46816
24777
130849
74155
161903
151256
113449
10071
123710
43004
112712
106571
40268
60378
35138
15603
6905
179463
102577
38238
152940
172338
22881
95336
73794
27160
159701
14006
133064
53629
31798
18576
197399
97479
87086
36241
193325
95694
61886
46561
120951
161161
64481
8533
146751
144029
93285
1441
31903
92901
81579
74493
12089
134952
161821
92416
32735
133193
14644
16036
52191
2703
165130
77779
105634
94540
54681
163548
136139
158984
91525
184576
173516
137063
61831
32207
130814
16989
132699
47908
158166
13654
134693
16674
150902
134675
180065
141787
139582
98974
110323
58261
140165
111723
20255
49760
198050
90503
148951
193996
27695
198460
161713
7986
148589
145513
75244
192435
93448
182461
139365
26698
29984
17279
20229
143561
7197
126792
164779
94319
34056
89312
52430
48885
68772
168095
79031
126898
37446
35615
72132
87224
152368
57802
116186
141410
115879
143643
1028
171496
144008
39816
105046
52824
167966
176721
184178
127059
126627
148921
36930
116192
24167
32072
119313
74998
199230
46451
120099
12793
32355
10565
179023
56015
171127
152107
77218
143220
129510
121992
143828
6366
67690
55065
43142
34012
32752
4382
173396
149018
162996
148913
166947
70226
36040
64131
61256
33650
172454
37424
80655
21312
43403
118435
47229
11836
188629
137035
7688
26871
8697
113180
46096
124306
173308
28339
93914
12063
18552
42018
172341
92690
188002
156954
197703
81051
59510
105598
10135
185566
169623
172068
42763
182132
175399
60198
61439
199854
4949
193825
104869
192424
2131
52474
121670
147528
191004
19197
173752
69477
94937
54048
173664
117354
997
89439
199023
20709
40357
115233
127797
56117
44165
38246
194340
98844
32305
135285
88881
198812
4380
195266
67588
180247
63698
71798
84406
192804
101541
110583
64047
128134
15408
181373
120900
62396
93771
192100
97018
198259
59399
134191
86571
53822
80567
17683
109025
96503
187697
126398
143508
61673
173678
95385
109866
39025
132247
21611
34491
104522
156552
27485
46070
91516
124363
106791
91437
1388
146432
85745
196115
146587
23994
135604
94933
186640
83506
107183
43367
80569
78718
155019
127277
69578
135335
182288
143070
184568
63667
70176
13334
146899
36195
163344
7436
73323
172150
75728
76884
107463
78000
79865
120598
166096
91820
22966
172360
158535
68302
40610
68068
23017
91635
37060
183998
141578
166672
66573
188280
59901
132510
124326
144059
38062
152833
60252
140681
190032
197501
127067
173830
137917
180990
40610
110343
38350
79121
161897
44581
76595
127824
118154
150824
29162
32219
76645
158880
171017
187575
163193
179355
156754
36472
103745
101336
85036
157221
61596
116312
79610
78497
2826
1997
102914
79955
182123
16657
109685
182092
43421
188737
61502
59099
88549
158727
86383
109646
47922
114925
46359
109307
33868
54855
159034
81343
55904
139934
155167
141370
78208
182680
22156
62435
40805
131875
141199
109964
31347
167777
97686
45081
37825
14488
55301
181721
87218
57724
120521
88962
193141
84851
104679
60819
48531
125985
54620
54225
80268
60686
87887
128201
361
47007
50501
105656
18992
193722
121659
80074
26237
160398
138485
8175
38985
167234
91463
161892
133142
197775
161945
180344
117028
24109
80478
191924
116208
16267
112446
168545
88270
161183
195525
134549
198964
2234
260
191973
65947
166399
138001
50168
46598
148368
96716
186276
118206
100143
81754
64833
111800
62360
35920
141925
44443
3849
112106
183617
146063
149145
185970
151479
27960
28311
97642
19135
185186
186188
55019
164033
66281
28068
125930
184986
128730
93744
82582
45256
6110
91512
13536
174130
3417
91280
38199
154819
45343
62764
141963
61876
80144
64204
54584
4690
32541
2068
52495
156015
24002
93273
155855
127654
30428
145750
147894
103087
198015
122891
146567
65175
47537
166293
175040
148796
100352
54784
22021
104736
179693
112665
60680
159843
53676
129406
101373
99867
28997
108387
61712
69094
146235
110598
32632
23655
156842
115136
16032
118139
21162
9803
142122
51013
173611
17525
165781
167525
93886
13231
57541
65967
61249
33217
79490
61703
88817
109540
34370
158725
97303
140274
165638
87280
4541
122150
187465
4147
199161
174367
185863
21546
44176
44820
38400
197507
153593
100704
180367
4517
178392
184401
37891
169050
132304
132545
44527
112999
14266
61399
69079
185724
87337
86906
102169
188966
124211
148272
54748
81496
105213
6223
147739
29472
173835
87405
66784
6086
8815
3624
177235
138924
36818
99463
70054
84116
115487
41285
93927
79812
193681
98692
143638
128152
177055
32752
23655
12402
78462
34027
57087
160569
16669
52830
181885
97881
43572
53170
192501
55009
97371
40105
72728
120807
88490
174079
169496
123559
36269
150561
3419
57455
53768
158447
103540
49475
24917
89803
109934
7996
61033
152926
177121
195572
142982
129534
198979
40275
49879
186779
15470
108556
89668
45799
72289
73219
171512
127678
188129
88794
167368
127786
197779
81287
60781
15188
11288
85133
193711
138797
96667
155446
15266
33806
48933
57999
35451
101571
190634
41701
125144
97876
46483
61050
54636
111100
30010
171709
103734
99964
169411
162342
90793
23841
126964
54543
59247
104336
54374
185725
72780
185796
189296
171154
134968
2849
96945
197718
69955
145537
164770
77319
139144
39583
154245
84275
72136
28262
133468
16686
94979
72690
52485
43143
53841
148206
23216
172469
96949
135373
198018
60945
166316
3153
55319
26611
71917
54193
91896
34304
138578
168306
176332
133960
55530
75317
100097
117613
159379
26897
54907
34956
124203
9552
17744
139020
154578
178283
122516
73695
193609
10415
78515
96537
128595
53674
4981
753
84974
140472
180280
5292
12568
152814
39036
118257
73357
173130
172877
190885
63031
174110
83950
142762
110969
49267
86524
7163
169014
15148
166118
142411
163042
63805
117531
124696
134750
149602
179948
30329
48643
115305
14364
49914
67776
119652
182345
193275
189489
104627
49668
4059
172599
41528
57303
144140
84406
20284
32605
177037
183871
85231
51553
191374
159022
76811
94532
129208
116208
152869
87822
56923
139842
40343
4403
1449
189557
19409
109395
102811
36652
6319
97909
90798
67026
146958
100667
147735
15871
137174
198086
111130
61002
63464
22914
110135
30933
137105
150006
141751
53370
12784
50525
28592
38800
107554
98789
58448
108786
37887
104490
16843
40560
184821
61313
39129
183135
29197
7954
54753
134760
170918
67711
119701
161962
153763
60157
186292
103057
28156
12007
121045
149919
74055
149921
120353
149510
180381
48695
87969
67128
127524
172359
114006
91747
180957
6142
109
56410
91793
41033
152251
197299
146896
96571
63208
39585
162181
92498
88702
14276
15790
36655
89115
197699
53880
90618
94044
52400
47874
163524
41531
105447
106656
163430
69860
152973
79450
75301
67405
83716
82274
15433
144535
74599
117636
14015
188368
188239
9153
143099
30984
171200
28652
60241
75383
24044
129751
4734
199202
56808
132604
122633
120392
78385
160868
159404
153870
138684
110890
25951
128907
144566
114942
46405
55865
68077
134034
179776
198596
130984
44919
181288
164033
124514
4186
184806
133354
136203
51465
19961
12472
58823
182383
77776
184069
56598
5167
130089
157433
147044
17062
5290
191095
108681
123769
68352
131952
42617
4267
122461
84760
174117
156025
182752
141743
151868
144409
198697
116120
173522
82854
36810
173676
27713
104581
109215
59896
130437
130975
10184
140729
144051
87314
118996
170578
66000
65156
98733
182393
85977
35242
40323
160266
176200
173849
65338
189183
142903
76122
97275
23752
82645
24949
84677
168106
116090
158630
195148
72995
61777
128148
90023
46170
56874
134894
101909
25656
135702
184413
9540
134126
130628
77054
57413
159542
66678
92086
48410
46320
78082
135443
172711
159179
12144
19309
131264
64667
144969
163806
24183
134955
340
44699
4843
183694
52625
177137
9563
199273
23010
164048
76287
110033
157429
132603
9902
82041
59128
45545
10488
141762
34751
111753
47426
177557
119305
148436
135415
26476
100883
144011
146621
195459
30697
86110
90713
107072
82962
23563
93760
74525
22803
92249
198918
143875
170178
93392
134839
64279
58293
172022
44463
172177
63831
65783
160318
96762
197173
135120
51629
163750
11151
154825
71771
46396
26609
50173
16575
79770
68833
136193
72560
124015
110091
198304
84702
27671
44536
35523
77867
97415
25139
185722
28833
136507
45338
91229
161107
181764
426
14899
106272
177395
90942
134844
42144
167831
72518
74065
99486
57638
120307
85350
33998
137830
165358
132638
171722
135906
87287
13305
125351
197999
191519
23954
65953
99070
115776
151419
137164
181482
146717
2915
88348
194414
43274
140196
10758
149290
32108
90482
48447
175485
196097
80228
36874
130149
62750
137655
28534
60293
184741
139775
65755
145076
8615
95874
120428
170825
140870
75915
21841
49335
45702
68683
165885
12686
43846
174969
180229
68462
102716
57667
13351
146413
35067
107780
38381
11927
15752
161546
138462
90521
144550
172680
15404
79149
69134
189874
44647
1139
96846
52433
96975
191252
113383
169019
15113
70997
68618
112421
152936
120180
78718
25279
108417
130027
73193
131041
39657
79836
121978
148282
61362
61040
95413
169090
297
125390
12020
9261
24378
152176
113753
114743
51529
4812
45806
136395
103627
83947
80810
127428
27933
42666
134027
186576
5870
88976
119679
88680
92177
162140
89987
110525
140860
19420
183162
9362
17295
190774
59207
170869
73616
163846
143418
172385
148343
92614
54813
12886
66042
187482
65229
46289
176081
132241
73126
132225
167938
134086
108438
59454
134170
120331
107719
83148
110460
124883
175022
9440
10542
88140
20560
19728
95492
114578
90506
2826
12607
63549
103022
89307
90598
39514
152401
34501
7034
20828
37016
150503
42195
93650
40007
159149
101635
59630
186403
75981
118204
74887
43820
27889
196974
106106
19108
158774
176785
100409
144453
8668
57735
163694
57679
98960
95027
65756
57078
88681
11594
7392
61929
107916
29357
120936
25649
101098
136181
89805
183534
169912
52551
52958
135679
144565
94617
152525
5023
174334
120300
106357
95151
114802
36973
191642
109635
155089
114960
61832
38736
88420
168528
150000
31514
155933
103851
162069
90646
97739
18933
197587
155565
61415
26025
171851
115905
123906
175830
177938
190037
146439
115698
12889
10369
162135
191220
47677
113822
147321
25252
101735
162265
39794
11893
163649
176781
83218
195536
165943
112511
20343
82027
126807
61836
3572
159458
138164
159591
172613
52423
127994
131493
172173
109552
178974
80941
183347
148350
70241
123797
143100
57772
107729
14434
76191
147564
89910
3173
70827
112405
143035
167586
189258
31321
120393
150991
162669
195557
134393
85286
82714
48919
14722
82736
66830
162807
180890
74390
898
119580
130800
111411
43993
196181
12122
106668
117828
86487
187128
7847
47988
17607
17980
136515
157639
25659
11877
130842
175988
54162
79335
6417
162610
103675
137027
167495
178456
67338
69505
153880
84554
184076
40503
59614
178486
122332
133038
19655
160807
1229
13195
85302
1135
50101
71323
99415
122204
106190
52565
19862
186751
115882
125168
197153
151200
163533
170586
99886
192514
90645
156169
191361
131656
58275
178539
178437
106973
164904
74833
27000
71638
127756
172456
160515
126237
42259
178500
174388
80202
8730
35952
2142
88035
72408
162954
67888
151085
15936
157650
197877
36330
156590
154552
4754
12433
141678
166389
52980
81005
48820
171450
40639
43800
61161
66198
166939
172693
33356
164917
36855
153896
44144
9899
139895
140561
185914
88171
134668
27196
90099
156188
145141
16263
159734
34061
63060
68912
49228
59654
139453
69478
49106
10710
106152
159041
55150
112134
33061
69876
19185
23694
178618
75930
134541
132261
198453
172899
172160
58103
38390
196509
59862
129384
171316
195176
22307
184144
157215
80523
184020
193650
114026
50098
128954
195187
26483
187860
56997
17759
137427
9670
80546
161690
4538
136532
193573
173360
153456
66839
158071
123321
131510
84772
42223
165234
106071
198110
198430
117466
50593
118904
191809
148718
95664
47945
138959
114141
80647
82891
119378
123068
81922
89012
17209
110842
151033
12321
48735
141735
52183
124141
21920
180501
183688
7324
128
148929
24870
75410
119703
102145
178598
139193
27969
194278
164458
187549
72949
136542
169344
28799
104939
132056
190200
30519
181476
48343
185420
163233
20484
177079
152241
6808
17367
168299
142454
33030
141345
28114
26951
134202
147481
151652
97025
23002
67005
189760
117918
109721
13611
176503
33058
189276
185732
195368
173764
61939
137960
107557
21715
62729
71902
134976
76081
55803
46762
126287
30857
93745
16432
134746
95845
41234
36061
22669
13814
137269
141993
12976
103800
20146
78012
56182
96839
131242
184425
49093
141770
179234
62584
104746
195303
15751
158553
88305
73094
128546
84252
117558
30480
62231
179531
66757
72578
78503
179631
117394
71868
189794
61274
182525
61864
110322
71949
37510
79825
116659
127032
182378
105631
7470
197536
73580
78753
147215
137057
64178
118224
182832
80881
154678
87590
142857
119814
190001
122850
55673
187228
127988
134352
100984
187675
187995
56395
43262
52499
148773
107415
113359
40174
137841
50323
43136
38086
128342
89092
139255
12899
195045
129881
108245
164599
102206
117004
143457
52411
71235
171040
13149
52815
924
129749
86934
67473
191088
67902
161054
135075
131859
22425
88707
169221
77181
115616
130732
77698
104018
703
25243
21560
63676
62654
130374
110769
34037
39671
194559
26712
79403
120815
149589
84199
146990
159682
72358
68545
57904
121384
187388
50353
70338
127117
84102
181621
140874
80858
42614
182851
55172
149268
47582
34734
177543
133470
127677
121517
90605
144776
89169
193971
6375
41847
173183
25136
136962
170021
77964
120085
37924
33037
39474
129592
145107
115487
76189
11011
31217
185996
96032
173898
175469
102107
88895
174147
180903
131451
131710
35567
58813
11539
94156
186855
104256
113671
61060
152491
159214
86340
88744
194662
42576
149149
79249
192469
106022
32031
118234
122544
55258
138247
164741
23571
164005
104027
102818
101258
141052
173505
40208
12813
196148
56084
182516
136621
199561
60902
47189
166311
184348
155659
148495
123084
149764
45985
36955
17950
26159
177147
49083
1592
47264
44791
96107
45219
36583
13136
47377
181214
44412
176462
9825
36441
128311
100545
113161
25189
51073
39054
183903
145431
192131
182767
12255
44314
166957
160563
99537
103849
127430
133034
105651
145550
99796
12386
44686
16084
140741
81181
175016
61616
103744
68120
173208
183730
158508
128262
111981
81150
138582
108783
187513
17061
166283
102569
160547
40059
194204
139748
5312
2417
161688
54229
182630
65801
125075
116656
137884
173722
148881
174531
57656
51478
141345
18440
114636
23072
55851
195615
139477
160708
77271
142307
11097
6039
195839
123790
80904
129117
159866
109434
91194
196826
122
70946
140384
169903
173587
13299
25419
146294
186244
3671
161566
28833
11239
90260
150920
135409
85740
56513
133278
93319
59560
99857
111966
28600
196898
118059
142100
28160
68153
197835
45041
101559
94762
175236
135941
88635
102444
113286
132665
102965
34867
129495
97882
157710
94467
19721
170430
176560
47606
82221
72666
37973
71527
80294
191313
18204
168240
121196
187703
189174
114202
45533
169183
160868
48432
129355
194364
71208
27665
71071
6380
44193
82347
193544
187048
174649
71858
175370
95466
173864
177351
117429
39955
136506
50081
164379
48336
3014
191479
79066
85118
42636
54744
83718
126339
148336
120505
14689
4846
99277
83583
188507
125170
109847
198796
158415
69168
43199
131482
111360
56479
5163
186441
149706
11450
80135
140545
47245
129694
143950
6691
9640
193545
175293
188887
136626
16748
140471
56088
144694
190365
106492
36423
176325
128744
192678
63883
51372
59015
4702
77650
60537
100912
117982
82920
57146
113575
154457
178141
196437
26815
180493
184826
70598
185021
169880
129290
146730
181485
96040
22696
17835
39603
63859
111281
145462
185205
30423
81013
49593
87342
181630
123647
78410
6039
62379
53410
75042
93301
147418
102240
39664
56501
181370
44164
215
121567
49765
26460
20506
185407
46212
169937
123518
67712
186822
160990
125544
174014
414
22995
15282
177291
36215
186647
133836
175129
168074
165144
624
167352
95182
96857
97913
48152
198811
102748
148624
65601
19216
151658
139553
162101
122082
84368
104869
184745
70119
48253
150413
52813
187169
29264
85088
72413
107675
28184
189597
75875
1252
82992
122639
45395
13794
173690
33710
86845
8781
168635
14997
98934
181485
115726
162661
158931
53115
34739
86967
28142
50194
179254
165382
39108
139238
183458
197572
188571
105637
44653
89240
91319
6032
8655
104963
125105
133685
28819
145656
170601
87440
173677
63899
190023
148355
104336
101957
60176
105100
196810
180747
33400
1533
24076
126673
188385
16593
140618
114817
12908
169626
49974
136204
62927
164696
140164
168462
146327
5163
110942
151979
82177
92445
93530
69308
14337
184491
115071
134085
179468
195302
135943
194617
164500
91444
85090
22995
179884
103680
145246
45278
23891
181191
32183
110830
57033
67996
152263
77090
166577
77565
31297
144813
133828
72904
139796
191967
156798
91543
161011
165888
11061
46307
192071
16860
17750
89340
125078
28293
2047
178523
137209
102782
81583
143436
39964
123881
194131
107774
20343
173285
90019
54301
151602
150187
68363
36655
1306
86232
4318
29323
197296
77663
130665
77889
87305
4562
168656
125748
27351
13606
9140
57515
2016
192191
34211
