8015
23964
23096
7123
17388
24240
22039
21837
29444
4284
782
29935
10121
6555
2092
17742
23722
5096
10216
29558
275
20634
14772
7028
15751
18509
27299
1351
26553
12110
17146
24193
9472
482
7171
29362
20493
19929
3964
17289
19690
21849
2508
23987
9273
605
19068
11775
28705
11348
26976
28993
535
18902
409
4494
13978
12491
4148
24328
4049
1060
14584
14320
6471
11106
11258
21800
5197
21723
27847
29797
15257
28349
12592
2609
6432
27886
17270
4637
18499
17477
8481
23154
13159
13062
1795
10580
21830
9164
8962
23339
720
2561
6466
14194
15343
14684
7267
12791
2947
12060
10213
23531
7347
4501
23209
2797
23306
6908
22197
21153
18738
10555
25320
3396
139
11336
13402
1572
6551
12793
18596
15101
6493
20100
29765
4304
11910
19093
15601
11450
12119
24847
5744
2935
14293
3954
28566
16759
3887
28615
13152
23613
19477
4924
13850
23838
7933
6100
20222
12135
12742
15372
4685
10627
4729
13503
1452
998
5161
28086
23397
17019
21355
19402
21011
19802
21461
16427
23574
8425
2061
7623
7890
19623
11289
2648
21534
27332
12799
23433
13512
15712
16828
23189
29076
27623
12618
23688
12770
19830
14555
29070
1877
2941
15259
27422
18183
4974
16627
28192
14508
706
26416
29044
13441
13048
20986
8107
24549
11605
12289
19964
175
16109
5989
23819
27761
24473
8422
10004
9443
23346
15016
13980
25280
2992
27849
18702
10365
3053
1888
27357
25726
14881
12629
16576
15304
19593
1139
10256
13628
10421
25689
5294
22178
24749
26063
14103
23095
11648
14359
20800
8654
10978
28270
7390
20375
18798
6045
2141
28878
26707
1307
21440
26784
2637
6876
1779
24743
6028
21944
27504
12897
3546
19969
4213
10737
9168
2388
29437
25669
23411
18434
4520
22551
2981
7298
23485
1644
10095
7693
28508
26345
20399
6279
18113
18982
7535
5423
21972
16974
6320
25118
2116
14401
28833
18727
12788
10234
26637
13301
6431
27409
20495
29754
26297
7811
27328
24317
4091
15285
28162
8756
22928
4787
19424
10264
24896
20191
29088
4219
14106
18187
11194
21995
1847
23072
