175
275
409
482
605
706
720
782
998
1139
1307
1351
1452
1572
1644
1779
1795
1847
1877
1888
2061
2092
2116
2141
2388
2508
2561
2609
2637
2648
2797
2935
2941
2947
2981
2992
3053
3396
3546
3887
3954
3964
4049
4091
4148
4213
4219
4284
4494
4501
4520
4637
4685
4729
4787
4924
4974
5161
5197
5294
5423
5744
5989
6028
6045
6100
6279
6320
6431
6432
6466
6471
6493
6551
6555
6876
6908
7028
7123
7171
7267
7298
7347
7390
7535
7623
7693
7811
7890
8015
8107
8422
8425
8481
8654
8756
8962
9164
9168
9273
9443
9472
10004
10095
10121
10213
10216
10234
10256
10264
10365
10421
10555
10580
10627
10737
10978
11106
11194
11258
11289
11336
11348
11450
11605
11648
11775
11910
12060
12110
12119
12289
12491
12592
12618
12629
12742
12770
12788
12791
12793
12799
12897
13048
13062
13152
13159
13301
13402
13441
13503
13512
13628
13850
13978
13980
14103
14106
14194
14293
14320
14359
14401
14508
14555
14684
14772
14881
15016
15101
15257
15259
15285
15304
15343
15372
15601
15712
15751
16109
16427
16576
16627
16759
16828
16974
17019
17146
17270
17289
17388
17477
17742
18113
18183
18187
18434
18499
18509
18596
18702
18727
18738
18798
18902
18982
19068
19093
19402
19424
19477
19593
19623
19690
19802
19830
19929
19964
19969
20191
20222
20375
20399
20493
20495
20634
20800
20986
21011
21153
21355
21440
21461
21534
21723
21800
21830
21837
21849
21944
21972
21995
22039
22178
22197
22551
22928
23072
23095
23096
23154
23189
23209
23306
23339
23346
23397
23411
23433
23485
23531
23574
23613
23688
23722
23819
23838
23964
23987
24193
24240
24317
24328
24473
24549
24743
24749
24847
24896
25118
25280
25320
25669
25689
25726
26063
26297
26345
26416
26553
26637
26707
26784
26976
27299
27328
27332
27357
27409
27422
27504
27623
27761
27847
27849
27886
28086
28162
28192
28270
28349
28508
28566
28615
28705
28833
28878
28993
29044
29070
29076
29088
29362
29437
29444
29558
29754
29765
29797
